python main.py ../data/input_INTEL_g2o.g2o 
Error before optimization:  7191686.382493543

Iteration                chi^2        rel. change
---------                -----        -----------
        0         7191686.3825
        1     16148867176.4848        2244.491018
        2      1858828534.8563          -0.884894
        3        36767017.2831          -0.980220
        4         2768817.9312          -0.924693
        5             225.2847          -0.999919
        6             215.8409          -0.041919
        7             215.8405          -0.000002



python main.py ../data/input_MITb_g2o.g2o
Error before optimization:  3411019102.211544

Iteration                chi^2        rel. change
---------                -----        -----------
        1     17694076618.8422           4.187329
        2   2811800240273.2725         157.911951
        3    395556549997.4802          -0.859323
        4    158129022042.0200          -0.600237
        5     34596302635.9224          -0.781215
        6     11738745023.4952          -0.660694
        7      2071584714.2696          -0.823526
        8      3784987054.1789           0.827097
        9        14257760.1444          -0.996233
       10        44117752.6420           2.094298
       11       103842376.0509           1.353755
       12         3834214.6830          -0.963077
       13        27034995.3542           6.050986
       14         3356256.7994          -0.875855
       15           51850.4262          -0.984551
       16            1462.9355          -0.971785
       17            1829.5405           0.250595
       18             779.5402          -0.573915
       19             768.5112          -0.014148
       20             768.4596          -0.000067